AIC:613692.8937599289
Deviance:585061.6039984615
