MAE:36.85255911017986
RMSE:423.4590448900065
R2:0.7996314326077483
